       14
 info:   300.00000000000000            14
 CG   150.0                     150.0                     0.1                               2
 CG   150.0                     150.0                     0.2                               2
 CG   150.0                     150.0                     0.3                               2
 CG   150.0                     150.0                     0.4                               2
 CG   150.0                     150.0                     0.5                               2
 CG   150.0                     150.0                     0.6                               2
 CG   150.0                     150.0                     0.7                               2
 CG   150.0                     150.0                     0.8                               2
 CG   150.0                     150.0                     0.9                               2
 CG   150.0                     150.0                     1.0                               2
 CG   150.0                     150.0                     1.1                               2
 CG   150.0                     150.0                     1.2                               2
 CG   150.0                     150.0                     1.3                               2
 CG   150.0                     150.0                     1.4                               2
